2102.91
493.10
116.13
2281.45
2595.02
2591.40
2589.71
2533.18
2359.85
2258.14
2191.49
2176.93
2140.49
2149.87
2130.38
2135.67
2117.63
2124.23
2100.47
2117.70
2102.21
2109.61
2087.98
2105.60
2082.14
2090.24
2086.38
2103.02
2081.06
2089.74
2078.59
2083.14
2074.97
2082.25
2075.99
2073.70
2069.59
2074.87
2070.06
2074.06
2064.37
2069.40
2064.09
2055.81
2060.92
2061.52
2059.44
2056.43
2057.21
2055.44
2055.07
2039.59
2054.80
2047.87
2050.57
2041.75
2054.34
2042.82
2047.26
2027.87
2043.22
2037.34
2042.78
2032.57
2041.06
2031.87
2039.72
2028.63
2039.08
2028.91
2029.03
2025.20
2036.34
2016.69
2035.45
2022.90
2040.15
2020.32
2030.66
2019.21
2039.60
2009.62
2019.67
2017.97
2034.96
2008.38
2026.72
2019.33
2033.19
2015.49
2024.58
2017.11
2029.67
2004.72
2021.89
2013.45
2025.30
2011.50
2020.11
2012.43
2025.06
2000.39
2017.19
2010.06
2011.37
2007.07
2015.54
2009.72
2016.86
2007.34
2013.02
2008.67
2004.54
1997.30
2011.00
2007.76
2009.72
2006.11
2008.53
2005.56
2005.87
1996.92
2005.86
2005.45
2001.78
2006.21
2003.52
2004.50
1991.02
1998.46
2002.73
2004.07
1990.08
1997.93
2000.57
2002.61
1995.33
2007.24
1997.33
2000.32
1992.60
2006.70
1985.51
1990.07
1981.30
1997.09
1992.14
1998.36
1987.60
1997.56
1988.49
1995.63
1985.13
1996.23
1985.94
1995.05
1984.38
1995.25
1984.01
1994.08
1984.73
1993.99
1974.92
1992.67
1985.70
1998.62
1984.77
1993.34
1987.19
1987.34
1984.44
1990.85
1987.57
1981.24
1987.14
1989.72
1987.96
1977.76
1979.97
1978.07
1986.66
1980.43
1983.33
1981.47
1985.68
1976.25
1993.88
1968.89
1983.51
1965.70
1993.08
1975.44
1984.58
1974.61
1993.05
1973.59
1983.58
1975.32
1981.25
1966.32
1975.05
1978.27
1978.28
1976.10
1974.60
1979.66
1985.23
1978.34
1982.10
1980.84
1978.13
1973.89
1979.80
1980.67
1976.12
1984.63
1968.62
1970.69
1971.49
1986.81
1972.27
1977.72
1969.07
1978.86
1970.39
1978.35
1959.31
1986.14
1959.72
1977.37
1967.49
1977.65
1966.36
1975.55
1966.74
1983.09
1957.77
1967.07
1968.46
1971.71
1966.15
1965.29
1970.12
1966.15
1961.38
1964.70
1972.39
1961.54
1966.20
1970.67
1972.88
1957.44
1978.90
1968.18
1973.10
1964.38
1973.83
1966.08
1972.47
1963.18
1981.44
1954.93
1972.38
1962.82
1971.90
1961.60
1962.73
1953.83
1978.40
1953.68
1971.69
1965.28
1967.96
1965.39
1963.71
1968.39
1966.14
1957.79
1971.61
1969.20
1961.66
1961.72
1970.39
1969.58
1957.81
1972.08
1968.17
1961.00
1964.12
1964.97
1956.97
1968.96
1961.86
1966.62
1964.10
1967.74
1959.43
1975.17
1953.14
1967.32
1957.90
1975.11
1958.24
1965.42
1955.98
1975.09
1957.26
1965.71
1956.55
1975.59
1956.80
1967.01
1956.87
1975.26
1948.09
1966.53
1948.30
1966.39
1947.87
1965.87
1948.55
1965.41
1947.33
1965.99
1957.28
1964.74
1947.64
1965.31
1949.86
1971.68
1956.85
1965.11
1950.83
1970.51
1955.80
1964.07
1958.99
1960.81
1948.87
1964.56
1959.30
1959.51
1957.34
1963.13
1950.82
1957.44
1947.38
1961.30
1958.67
1964.19
1948.80
1962.12
1959.69
1962.25
1950.80
1961.14
1959.43
1959.80
1951.02
1951.54
1958.68
1957.96
1959.63
1958.26
1950.43
1947.49
1952.76
1956.85
1957.84
1953.30
1953.80
1955.63
1958.18
1951.44
1965.49
1953.86
1958.46
1950.10
1967.41
1943.65
1958.80
1948.93
1958.23
1950.19
1958.44
1947.98
1958.80
1939.97
1957.37
1947.77
1966.49
1947.40
1957.66
1948.25
1966.26
1947.92
1957.68
1948.80
1965.59
1939.66
1958.00
1949.69
1964.54
1939.60
1956.68
1950.49
1962.59
1940.26
1957.21
1951.69
1960.63
1942.91
1956.79
1953.91
1956.36
1947.18
1955.89
1956.68
1954.19
1952.05
1955.33
1956.71
1949.71
1954.89
1942.90
1956.64
1947.44
1964.40
1948.43
1955.35
1946.16
1964.41
1938.74
1955.90
1946.19
1955.62
1946.07
1955.42
1946.57
1954.21
1936.25
1954.21
1946.31
1961.26
1937.63
1954.38
1949.20
1959.81
1947.99
1955.24
1943.70
1958.13
1949.41
1954.97
1952.08
1954.53
1942.54
1953.62
1952.11
1953.04
1943.88
1952.57
1951.73
1950.51
1954.62
1951.21
1952.52
1947.27
1949.53
1948.92
1952.99
1944.69
1959.87
1945.76
1952.57
1943.25
1961.51
1935.34
1952.82
1943.42
1962.11
1933.93
1943.50
1942.06
1959.26
1940.99
1951.08
1942.51
1950.21
1942.23
1951.42
1937.68
1949.79
1945.39
1944.37
1948.53
1945.96
1946.95
1951.34
1949.76
1942.08
1942.91
1942.46
1942.11
1946.44
1945.68
1948.23
1941.57
1943.07
1955.55
1944.55
1940.69
1940.35
1959.62
1942.33
1950.87
1933.35
1951.20
1940.27
1950.25
1941.55
1949.91
1941.02
1950.45
1943.18
1947.98
1933.83
1949.61
1938.39
1944.26
1945.87
1949.71
1940.41
1947.35
1950.81
1947.30
1940.90
1934.16
1948.09
1944.01
1949.98
1940.82
1957.81
1942.17
1950.45
1940.49
1958.37
1940.00
1949.61
1941.40
1957.51
1941.57
1950.64
1944.87
1947.36
1944.07
1950.23
1947.84
1943.02
1946.21
1948.83
1948.70
1948.27
1941.91
1948.41
1949.64
1935.00
1954.78
1944.15
1947.89
1939.96
1955.99
1941.14
1949.37
1939.94
1950.21
1940.14
1949.29
1930.48
1948.48
1930.79
1949.51
1940.11
1948.08
1939.99
1948.61
1933.95
1946.25
1932.11
1948.68
1935.48
1951.56
1943.14
1948.20
1937.52
1939.30
1937.60
1948.53
1947.63
1937.70
1941.39
1946.63
1947.13
1940.65
1951.86
1943.30
1946.98
1939.38
1954.76
1940.72
1938.50
1939.31
1957.90
1940.18
1948.43
1939.25
1957.88
1939.38
1940.05
1938.57
1948.91
1931.36
1948.55
1938.26
1956.99
1938.84
1947.70
1938.45
1955.86
1936.64
1945.51
1937.36
1945.66
1936.69
1945.54
1938.90
1944.98
1938.25
1946.02
1941.15
1948.65
1931.01
1944.18
1942.84
1942.07
1946.23
1942.56
1935.62
1937.38
1942.73
1930.87
1944.50
1935.35
1952.94
1927.54
1944.55
1927.32
1943.62
1934.72
1944.32
1937.32
1941.33
1929.06
1944.22
1940.27
1935.51
1941.29
1943.76
1944.03
1940.07
1947.88
1932.35
1944.47
1937.69
1951.92
1936.73
1945.02
1936.08
1953.32
1935.80
1945.45
1930.61
1940.37
1931.31
1944.97
1943.66
1939.63
1940.63
1930.30
1943.54
1934.84
1951.17
1935.94
1943.93
1939.47
1939.18
1932.71
1944.20
1944.67
1939.71
1950.44
1939.90
1944.44
1935.63
1952.41
1936.58
1945.77
1939.14
1942.08
1942.06
1945.90
1945.16
1941.94
1941.81
1940.87
1944.94
1936.52
1953.81
1937.43
1945.59
1938.98
1941.23
1939.61
1943.12
1942.16
1931.24
1938.48
1939.83
1943.16
1934.88
1942.34
1935.61
1936.44
1938.66
1939.04
1940.18
1944.77
1944.16
1932.47
1947.70
1941.41
1945.79
1936.69
1952.20
1936.17
1945.40
1937.48
1943.02
1937.91
1945.45
1943.27
1934.47
1946.66
1942.94
1944.71
1936.87
1952.84
1936.74
1945.50
1937.55
1952.30
1938.48
1945.18
1942.74
1944.20
1945.52
1944.46
1946.19
1939.50
1953.95
1938.84
1946.23
1937.46
1945.12
1929.70
1945.56
1942.53
1950.02
1942.85
1946.38
1945.55
1933.47
1942.64
1942.17
1945.89
1936.77
1953.85
1936.32
1944.28
1936.17
1951.47
1935.31
1942.15
1940.16
1945.54
1932.95
1944.06
1943.51
1931.61
1947.52
1941.26
1944.20
1935.70
1943.97
1936.29
1945.10
1927.71
1943.76
1927.06
1944.70
1938.54
1941.62
1937.12
1945.42
1942.24
1940.19
1941.65
1945.00
1943.39
1943.28
1944.87
1942.87
1943.94
1929.38
1940.25
1936.78
1942.24
1933.86
1943.05
1934.34
1942.70
1933.91
1951.50
1933.45
1934.18
1934.91
1948.95
1933.97
1942.24
1937.73
1946.09
1937.65
1943.18
1933.20
1933.50
1941.00
1941.16
1942.18
1927.94
1938.19
1938.42
1942.76
1936.25
1951.07
1937.68
1935.57
1934.36
1944.37
1926.31
1944.69
1934.38
1952.78
1933.23
1943.77
1933.38
1951.75
1933.26
1943.19
1933.77
1942.39
1924.34
1934.67
1934.98
1949.17
1925.41
1934.16
1936.28
1937.38
1934.14
1941.21
1938.60
1934.71
1937.94
1933.48
1940.83
1938.82
1943.51
1939.40
1933.09
1934.31
1947.79
1935.99
1941.42
1932.33
1949.04
1932.65
1941.26
1931.75
1951.38
1932.04
1942.07
1924.73
1940.58
1924.24
1941.80
1935.14
1946.67
1934.71
1942.19
1938.71
1943.84
1937.67
1932.82
1940.00
1939.72
1941.91
1941.06
1941.44
1935.97
1946.40
1937.59
1940.95
1924.77
1950.91
1934.02
1941.73
1931.84
1942.43
1933.27
1942.03
1933.43
1950.69
1932.03
1933.51
1934.58
1948.17
1926.13
1933.98
1937.29
1945.59
1936.43
1941.93
1939.07
1932.42
1941.28
1941.23
1941.25
1929.17
1937.25
1939.70
1942.34
1935.38
1948.44
1937.24
1941.47
1932.63
1941.68
1924.83
1933.43
1931.92
1941.26
1923.89
1941.76
1931.99
1942.11
1931.59
1941.15
1931.46
1940.49
1923.08
1941.57
1934.32
1949.49
1932.71
1933.83
1934.22
1949.44
1924.13
1942.13
1927.10
1940.68
1924.65
1942.40
1935.16
1940.64
1933.16
1942.10
1935.26
1947.63
1933.60
1941.75
1936.52
1947.07
1933.91
1941.99
1927.09
1940.28
1933.80
1941.69
1935.89
1938.47
1934.65
1941.70
1937.29
1946.27
1934.55
1941.59
1936.66
1945.38
1925.64
1941.21
1928.88
1935.89
1926.84
1941.34
1938.60
1943.93
1927.99
1941.72
1940.37
1935.77
1938.09
1943.64
1940.11
1945.68
1937.53
1942.57
1940.63
1943.15
1939.61
1942.29
1931.97
1934.43
1928.96
1941.65
1938.96
1944.55
1936.49
1942.45
1938.65
1935.16
1928.75
1933.05
1939.29
1942.28
1936.75
1941.14
1939.77
1933.51
1938.46
1942.01
1939.86
1941.36
1938.93
1941.37
1939.69
1941.25
1938.48
1940.30
1939.02
1933.20
1937.88
1940.64
1939.79
1939.74
1939.12
1940.25
1939.43
1937.48
1931.84
1939.26
1938.97
1935.94
1940.93
1937.39
1939.03
1924.96
1944.46
1935.21
1939.14
1930.92
1937.78
1932.40
1938.78
1920.11
1947.11
1920.33
1937.32
1927.72
1936.96
1927.61
1929.54
1930.78
1946.27
1929.26
1930.19
1931.95
1935.34
1923.68
1939.24
1934.95
1932.45
1934.00
1939.10
1936.93
1939.47
1928.68
1929.54
1930.06
1933.53
1934.95
1935.24
1939.59
1930.63
1938.63
1930.65
1938.42
1929.55
1948.04
1921.82
1938.92
1929.45
1938.53
1921.17
1939.10
1932.14
1944.62
1931.22
1939.45
1935.72
1941.65
1936.56
1939.26
1939.00
1929.26
1932.10
1929.51
1930.76
1932.66
1944.80
1934.44
1939.76
1930.96
1940.00
1931.67
1940.45
1930.13
1940.08
1921.54
1939.96
1931.31
1947.17
1922.20
1930.93
1933.34
1934.26
1924.40
1938.51
1936.44
1927.96
1929.48
1935.88
1936.69
1930.37
1944.65
1930.58
1938.03
1928.55
1938.34
1921.21
1930.09
1930.48
1945.11
1921.99
1937.95
1934.80
1931.68
1935.71
1938.60
1930.24
1936.35
1940.84
1936.00
1937.98
1930.15
1943.99
1930.34
1937.41
1929.23
1937.54
1928.66
1938.08
1929.20
1937.89
1928.47
1937.96
1931.36
1943.74
1921.48
1938.22
1934.04
1933.19
1933.86
1938.57
1936.52
1937.20
1938.63
1936.32
1936.61
1931.04
1932.36
1933.50
1936.37
1920.80
1944.99
1924.12
1937.92
1929.27
1938.36
1929.72
1929.80
1927.87
1938.55
1920.16
1938.11
1928.61
1937.65
1919.86
1929.37
1921.70
1937.02
1929.00
1938.20
1932.17
1933.49
1923.37
1929.35
1926.24
1931.31
1934.16
1938.27
1936.22
1936.37
1937.61
1936.65
1936.98
1924.48
1940.35
1935.75
1938.63
1931.14
1936.81
1931.87
1937.86
1928.69
1937.29
1929.80
1927.72
1921.90
925.44
469.78
135.60
48.40
36.86
36.07
36.03
35.95
35.76
35.76
35.59
35.67
35.61
35.47
35.33
35.15
35.26
35.36
35.34
35.28
35.26
35.35
35.23
35.22
35.13
35.08
35.03
35.13
35.05
35.14
35.15
35.11
34.97
35.05
35.07
35.04
34.82
34.75
34.99
34.95
34.94
34.89
34.80
34.94
34.88
34.68
34.83
34.58
34.66
34.84
34.86
34.81
34.89
34.85
34.70
34.81
34.75
34.77
34.52
34.56
34.74
34.67
34.76
34.63
34.70
34.66
34.65
34.59
34.49
34.46
34.48
34.70
34.54
34.59
34.72
34.64
34.63
34.55
34.57
34.27
34.16
34.23
34.55
34.59
34.52
34.45
34.48
34.52
34.48
34.40
34.32
34.13
34.33
34.35
34.46
34.38
34.40
34.30
34.45
34.39
34.37
34.37
34.13
34.15
34.32
34.40
34.24
34.29
34.31
34.30
34.32
34.29
34.29
33.92
33.87
34.35
34.06
34.08
34.37
34.28
34.28
34.25
34.29
34.03
34.08
33.82
34.18
34.07
34.19
34.08
34.12
34.17
34.27
34.18
34.10
34.08
33.84
33.89
34.11
34.12
34.13
34.18
34.01
34.11
34.15
34.05
34.07
33.88
33.71
34.18
34.16
34.09
34.01
34.11
34.18
34.08
34.18
33.97
33.91
33.86
34.02
34.02
34.11
33.96
33.94
34.08
33.94
34.10
33.97
33.96
33.79
34.09
34.03
34.01
34.00
34.04
34.05
34.02
34.00
33.99
33.80
33.87
34.03
34.06
33.95
34.09
33.99
33.82
33.99
34.01
33.94
33.79
33.68
33.84
34.13
33.96
33.90
33.97
34.00
33.91
34.01
33.93
33.67
33.67
33.89
33.99
33.92
33.93
33.94
33.96
33.92
34.01
33.78
33.71
33.67
33.89
33.94
33.98
33.93
33.88
33.73
33.95
33.98
33.94
33.64
33.64
33.93
33.78
33.99
33.92
33.93
33.87
33.88
33.94
33.91
33.75
33.44
33.79
33.72
33.88
33.82
33.84
33.87
33.98
33.82
33.89
33.72
33.48
33.77
33.86
33.90
33.84
33.68
33.84
33.82
33.69
33.68
33.73
33.55
33.74
33.83
33.79
33.72
33.75
33.83
33.80
33.87
33.84
33.55
33.53
33.84
33.77
33.71
33.72
33.68
33.72
33.76
33.88
33.70
33.43
33.64
33.65
33.60
33.80
33.83
33.82
33.83
33.84
33.79
33.65
33.55
33.65
33.76
33.67
33.72
33.73
33.80
33.79
33.80
33.81
33.55
33.58
33.58
33.79
33.63
33.77
33.70
33.74
33.73
33.60
33.68
33.44
33.54
33.71
33.57
33.67
33.70
33.70
33.73
33.74
33.70
33.72
33.36
33.62
33.67
33.73
33.62
33.71
33.54
33.78
33.70
33.72
33.54
33.55
33.72
33.69
33.73
33.68
33.70
33.69
33.69
33.59
33.66
33.43
33.63
33.72
33.53
33.73
33.74
33.77
33.73
33.62
33.69
33.46
33.41
33.70
33.70
33.57
33.76
33.74
33.72
33.73
33.61
33.71
33.54
33.50
33.68
33.71
33.74
33.78
33.54
33.66
33.64
33.73
33.74
33.43
33.45
33.42
33.68
33.63
33.74
33.57
33.67
33.74
33.54
33.66
33.58
33.42
33.48
33.69
33.63
33.71
33.67
33.67
33.57
33.53
33.76
33.72
33.46
33.32
33.64
33.66
33.65
33.45
33.65
33.62
33.50
33.67
33.69
33.32
33.40
33.59
33.68
33.45
33.47
33.39
33.67
33.56
33.64
33.50
33.41
33.34
33.56
33.59
33.61
33.60
33.41
33.59
33.61
33.64
33.62
33.39
33.26
33.61
33.59
33.66
33.62
33.65
33.54
33.58
33.66
33.64
33.45
33.36
33.66
33.62
33.60
33.60
33.61
33.54
33.55
33.61
33.61
33.41
33.47
33.66
33.64
33.54
33.58
33.60
33.58
33.55
33.35
33.52
33.31
33.47
33.57
33.63
33.56
33.53
33.61
33.44
33.58
33.54
33.40
33.37
33.57
33.55
33.55
33.55
33.53
33.36
33.39
33.42
33.59
33.31
33.33
33.61
33.66
33.60
33.58
33.52
33.54
33.53
33.60
33.54
33.42
33.19
33.56
33.49
33.58
33.49
33.52
33.45
33.52
33.36
33.43
33.27
33.41
33.59
33.57
33.58
33.55
33.54
33.55
33.54
33.55
33.50
33.23
33.33
33.55
33.53
33.41
33.59
33.55
33.47
33.53
33.59
33.36
33.28
33.40
33.36
33.57
33.57
33.45
33.38
33.47
33.55
33.47
33.56
33.26
33.24
33.46
33.52
33.29
33.47
33.51
33.57
33.36
33.47
33.55
33.41
33.21
33.36
33.57
33.42
33.48
33.41
33.46
33.43
33.51
33.53
33.31
33.25
33.51
33.48
33.49
33.39
33.48
33.52
33.44
33.55
33.51
33.27
33.23
33.40
33.51
33.49
33.47
33.51
33.53
33.36
33.41
33.49
33.30
33.23
33.49
33.53
33.54
33.50
33.45
33.42
33.48
33.49
33.42
33.15
33.18
33.47
33.49
33.36
33.50
33.34
33.47
33.49
33.51
33.49
33.30
33.23
33.50
33.46
33.54
33.46
33.48
33.55
33.49
33.43
33.45
33.28
33.13
33.38
33.42
33.46
33.47
33.54
33.32
33.53
33.31
33.47
33.28
33.10
33.53
33.47
33.43
33.45
33.50
33.48
33.41
33.49
33.49
33.41
33.20
33.41
33.31
33.42
33.48
33.52
33.43
33.47
33.41
33.53
33.47
33.20
33.24
33.52
33.56
33.50
33.50
33.43
33.50
33.51
33.49
33.46
33.46
33.26
33.26
33.35
33.52
33.47
33.49
33.54
33.40
33.33
33.33
33.51
33.48
33.17
33.21
33.27
33.48
33.48
33.46
33.47
33.48
33.56
33.36
33.48
33.54
33.50
33.23
33.20
33.34
33.55
33.48
33.44
33.47
33.51
33.56
33.49
33.41
33.53
33.48
33.22
33.15
33.10
33.51
33.47
33.46
33.45
33.45
33.46
33.51
33.54
33.45
33.53
33.32
33.38
33.12
33.15
33.39
33.47
33.53
33.50
33.44
33.51
33.59
33.55
33.57
33.32
33.37
33.42
33.00
33.16
33.30
33.46
33.46
33.51
33.51
33.52
33.42
33.34
33.43
33.51
33.42
33.22
33.06
33.21
33.49
33.45
33.43
33.49
33.40
33.43
33.47
33.39
33.40
33.28
33.51
33.00
33.02
33.45
33.38
33.35
33.46
33.41
33.55
33.45
33.45
33.46
33.23
33.43
33.29
33.03
33.35
33.40
33.43
33.45
33.38
33.43
33.42
33.37
33.40
33.13
33.43
33.04
33.06
33.30
33.32
33.38
33.41
33.32
33.22
33.37
33.29
33.37
33.54
33.40
33.10
33.05
33.50
33.40
33.42
33.42
33.46
33.47
33.40
33.45
33.43
33.41
33.32
33.05
33.30
33.37
33.48
33.43
33.37
33.30
33.39
33.31
33.40
33.48
33.41
33.22
32.97
33.24
33.44
33.27
33.34
33.50
33.37
33.49
33.42
33.49
33.42
33.45
33.22
33.10
33.34
33.53
33.40
33.37
33.46
33.40
33.39
33.41
33.26
33.46
33.45
33.14
33.09
33.36
33.45
33.40
33.42
33.45
33.42
33.40
33.31
33.43
33.44
33.52
33.18
33.13
33.26
33.44
33.49
33.44
33.40
33.44
33.37
33.45
33.52
33.55
33.42
33.11
33.09
33.03
33.40
33.36
33.24
33.37
33.48
33.45
33.18
33.37
33.34
33.39
33.41
33.13
33.08
33.41
33.39
33.44
33.39
33.46
33.37
33.26
33.44
33.44
33.37
33.38
33.05
33.10
33.42
33.23
33.33
33.23
33.28
33.46
33.38
33.34
33.36
33.37
33.14
33.07
33.03
33.43
33.34
33.39
33.24
33.30
33.46
33.34
33.30
33.49
33.29
33.10
33.03
33.31
33.37
33.38
33.41
33.35
33.40
33.21
33.35
33.32
33.33
33.27
33.10
33.12
33.43
33.43
33.48
33.25
33.38
33.34
33.40
